                                                                                                             0
                                                                                                             1
                                                                                       4                     2
                                                                 4                                           3
                                                                 8                                           4
                                                                                      15                     5
                                                                                                             6
                                                                                      23                     7
                                                                                                  9           
                                                                                                             9
