                                                                                                 21         26
                                                                                                 27           
                                                                           22                               26
                                                                                                 23           
                                                                                                            24
                                                                                                            25
                                                                                                            26
                                                                                                            27
                               29                                                                           28
                                                                                                            29
