         11         12         13         14         15         16         18         17         19         20
         12         13         14         15         16         17         18         19         20         21
         13         14         15         16         17         18         19         20         21         22
         14         15         16         17         18         19         20         21         22         23
         15         16         17         18         19         20         21         22         23         24
                    17         18         19         20         21         22         23         24         25
         18         17         19         20         21         22         23         24         26         25
         18         19         20         21         22                    24         25         26         27
         19         21         20         22         23         24         25         26         27         28
         20         22         21         23         24         25         26         27         28         29
