          2          3          4          5          6          7          8          9         10           
          2          3          4          5          6          7          8          9         10           
          4          5          6          7          8          9         10         11         12           
          4          5          6          7          8          9         10         11         12           
          5          6          7          8          9         10         11         12         13           
          6          7          8          9         10         11         12         13         14           
          8          9         10         11         12         13         14         15          7           
          8          9         10         11         12         13         14         15         16           
          9         10         11         12         13         14         15         16         17           
         10         11         12         13         14         15         16         17         18           
