         14         32         33         34         35         36         37         38         39           
         32         33         34         35         36         37         38         39          0           
         33         34         35         36         37         38         39          0          1           
         34         35         36         38         39         37          1          0          2           
         35         36         37         38         39          0          1          2          3           
         36         37         38         39          0          1          2          3          4           
         37         38         39          0          1          2          3          4          5           
         17         39          0          1          2          3          4          5          6           
         38          0          1          2          3          4          5          6          7           
          0          1          2          3          4          5          6          7          8           
