         21         22         23         24         25         26         27         28         29         30
         22         23         24         25         27         28         29         30         26         31
         24         25         23         26         27         28         29         30         31         32
         14         26         27         25         28         29         31         30         32         33
         25         26         27         28         29         30         31         32         33         34
         26         27         28         29         30         31         32         33         34         35
         26         27         28         29         30         32         33         34         35         36
         29         28                    31         33         32         34         35         36         37
         28         29         30         31         32         33         34         35         36         37
         30         31         32                    34         35         36         37         38         39
