         31         36         32         33         34         35         37         38         39          0
         32         33         34         18         36         37                    39          0          1
         33          5         35         37         36         38         39          0          1          2
         33         35         36         37         38         39          0          1          2          3
         34         37         36         38         39          0          1          2          3          4
         14         37         38         39          0          1          2          3          4          5
         37         38         39          0          1          2          3          4          5          6
         38         39          0          1          2          3          4                     6          7
         39          0          1          2          3          4          5          6          7          8
          0          1          2          3          4          5         16          7          8          9
