         31         32         33         34         35         36         37         38         39          0
         31         32         34         35         36         37         38         39          0          1
         33         34         35         36         37         38         39          0          1          2
         35         34         36         37         38         39          0          1          2          4
         35         36         37         38         39          0          1          2          3          4
         36         37         38         39          0          1          2          3          4          5
         37         38         39          0          1          2          3          4          5          6
         38         39          0          1          2          3          4          6          5          7
         39          0          1          2          3          4          5          6          7          8
          0          1          2          3          4          5          7          8          6          9
