          9          8          7          6          5          4          3          2          1          0
         20          6          1          9                                                                  
         21          5          1                                                                             
                                                                                                              
                                                                                                              
                                                                                                              
                                                                                                              
                                                                                                              
                                                                                                              
                                                                                                              
