         20         22         23         24         25                    27         28         29         30
         22         33         23         24         25         26         21         28         29         30
         28         23         24         25                    27         29         30         31         32
         24         25         26         28         29         27         30         31         33         32
         25         26         27         28         29         30         31         32         33         34
         26         27         28         29         30         31         32         33         34         35
         27         28         29         30         31         32         33         34         35         36
         28         29         30         31         32         33         34         35         36         37
                    30         31         32         33         34         35         36         37         38
         30         36         32         33         34         35         37         31         38         39
