          1          2          3          4          5          6          7          8          9         10
          2          3          4          5          6          7          8          9         10         11
          3          4         34          6          7          8          9         10         11         12
          4          5          6          7          9          8         10         11         12         13
          5          6          7          8          9         10         11         12         13         14
          6          7          8         10          9         11         12         13         36         16
          7          8          9         10         11         12         13         15         14         16
          8          9         11         10         13         12         14         15         17         16
          9         10         11         12         13         14         15         17         18         16
         10         11         12         13         14         15          6         17         18         19
