         22         21         23         24         25         26         27         10         29           
         22         23         25         26         24         27         28         29         30           
         24         23         25         26         27         28         29         30         31           
         24         25         26         29         28         27         30         31         32           
         25         26         28         27         29         30         31         32         33           
         26         27         28         29         30         31         32         33         34           
         27         28         29         30         31         32         33         34         35           
         28         29         30         31         32         33         34         35         36           
         29         30         31         32         33         34         35         36         37           
         30         31         32         33         34         35         36         37         38           
