          2          1          3          4          5          6          7          8          9         28
          2          3          4          5          6          7          8          9         10         11
          3                     5          6          7          8         10         11          9         12
                     5          6          7          8          9         10         11         12         13
          5          6          7                     9         10         11         12         13         14
          6          8          7          9         10         11         12         13         14         16
          7          8          9         10         11         12         13         14         15         16
          8          9         10         12         11         14         13         15         16         17
          8         10         11         12         13         14         15         16         17         18
         10         11         13         14         15         16         12         17         18         19
