         11         12         14         13         15         16         17         18         19           
         12         13         14         15         16         17         35         19         20           
         13         14         15         16         17         18         19         20         21           
         14         15         17         16         18         19         20         21         22           
         15         16         17         18         19         20         21         22         23           
         15         17         18         19         20         21         22         23         24           
         17         18         19         20         21         22         23         24         25           
         18         19         20         21         22         23         24         25         26           
         19         20         21         22         23         24         25         26         27           
         20         21         22         23         24         25         26         27         28           
