         16         17         18         19                                                                  
          9         19         17         18                                                                  
         10         18         19         12                                                                  
          8         12         13         19                                                                  
          9         12         13         14                                                                  
          9         14         13         15         12                                                       
         13         14         15         16                                                                  
         13         15         17          9                                                                  
         15         18         16         17                                                                  
         15         19         18          7                                                                  
