          1          2          3          4          5          6          7         10          8          9
          0          2          3          4          5          8          6          7         11         10
          0          1          3          4          5          6          7         11          9          8
          0          1          2          4          5          9          6          7         10         11
          0          1          2          3          5          6          7         10         11          8
          0          1          2          4          3          6          8         10         11          7
          2          3          4          7          5         10         12         11          8          9
          3          4          5          6         11          8         10         12         14         16
          4          6          9         10          7          5         11         12         13         14
          5          6          8         10         11         12         13         14         17         16
