          6          8          7         11          9         12         18         13         16         15
          0          1          8          7          9         13         10         12         16         19
          0          1          2         10         11          9         14          8         13         19
          0          1          2          3          9         10         11         12         14         18
          0          1          2          3          4         10         11         12         13         19
          0          1          2          3          4          5         11         12         13         18
          0          1          2          3          4          5          6         13         12         18
          0          1          2          3          4          5          7          6         14         13
          0          1          2          3          4          5          6          7          8         16
          0          1          2          3          4          5          7          8          6          9
