         14         19         17                                                                             
         15         18         17         14                                                                  
         16         18         15         17                                                                  
         16         19         17         15                                                                  
         15         17         18         16                                                                  
         16         19         17         14                                                                  
         15         19         17         14                                                                  
         15         18         19         16                                                                  
         15         19         14         17                                                                  
         15         16         18         17                                                                  
