1          11         12         13         14         15         16         17         18         19         
11         12         13         14         15         16         17         18         19         0          
12         13         14         15         16         17         18         19         0          1          
13         14         15         16         17         18         19         0          1          2          
14         15         16         17         18         19         0          1          2          3          
15         16         17         18         19         0          1          2          3          4          
16         17         18         19         0          1          2          3          4          5          
17         18         19         0          1          2          3          4          5          6          
18         19         0          1          2          3          4          5          6          7          
19         0                     2          3          4                     6          7          8          
