         11         12         13         14         15         16         17         18         19          1
         11         12         13         14         15         16         17         18         19          0
         12         14         13         15         16         17         18          0          1         19
         13         14         15         16         17         19         18          2          1          4
         14         15          2          3         18          0          5         17          8         19
         15         16          0         19         17          3          2          1          4          6
         16          2         10          3          4          5          1          9          8          0
         17          2          1         19          3          4          5         18          9          0
         18         10         11          5          9          2          7         19          4          0
         19         13          1          0          2          8         12         10          6          7
