          2         11          9         12                                                                  
         12         14         13          7                                                                  
         14         16         15          5                                                                  
         12         15         10         16                                                                  
         11         16         18         10                                                                  
         18         19         17          6                                                                  
         13          7         12         17                                                                  
         11         13         14         19                                                                  
         19          1         14         17                                                                  
         18          2         10         17                                                                  
