          2          3          4          5                                                                  
          2          3          4          5                                                                  
          3          4          5          6                                                                  
          0          6          5          7                                                                  
          1          7          6         16                                                                  
          7          9          8         18                                                                  
         19         17         18          7                                                                  
          8         11          6         10                                                                  
          3         12          1          6                                                                  
          5          3          4         11                                                                  
