          0          2          3          9          5          4          7          6          8         13
          1          7          8          6          2          3          4          9         13         10
          2          5          7          3          6          8         13         11         10          9
          3          6          7          5         10         14         11         12          9          8
          4          7          6         13         11          8          9         12         10         18
          5          6          8         10         11          9         13         14         12         16
          6         11          9          8         12          7         13         10         14         15
          9         14         12         11         10         13          1         18          0          4
          7          8         10         14         17         11          0         12         13          9
          8         11         10          9         13         12         18         15         14         16
