                                                                                                              
         31                                                                                                   
         31         32                                                                                        
         31         32         33                                                                             
         31         32         33         34                                                                  
         31         32         33         34         35                                                       
         31         32         33         34         35         36                                            
         31         32         33         34         35         36         37                                 
         31         32         33         34         35         36         37         38                      
         31         32         33         34         35         36         37         38         39           
