         11         12         13         14         15         16         17         18         19         20
                    12         13         14         15         16         17         18         19         20
                               13         14         15         16         17         18         19         20
                                          14         15         16         17         18         19         20
                                                     15         16         17         18         19         20
                                                                16         17         18         19         20
                                                                           17         18         19         20
                                                                                      18         19         20
                                                                                                 19         20
                                                                                                            20
