         20                                                                                                   
         20         21                                                                                        
         20         21         22                                                                             
         20         21         22         23                                                                  
         20         21         22         23         24                                                       
         20         21         22         23         24         25                                            
         20         21         22         23         24         25         26                                 
         20         21         22         23         24         25         26         27                      
         20         21         22         23         24         25         26         27         28           
         20         21         22         23         24         25         26         27         28         29
