         31         32         33         34         35         36         37         38         39           
                    32         33         34         35         36         37         38         39           
                               33         34         35         36         37         38         39           
                                          34         35         36         37         38         39           
                                                     35         36         37         38         39           
                                                                36         37         38         39           
                                                                           37         38         39           
                                                                                      38         39           
                                                                                                 39           
                                                                                                              
