         21         22         23         24         25         26         27         28         29         30
                    22         23         24         25         26         27         28         29         30
                               23         24         25         26         27         28         29         30
                                          24         25         26         27         28         29         30
                                                     25         26         27         28         29         30
                                                                26         27         28         29         30
                                                                           27         28         29         30
                                                                                      28         29         30
                                                                                                 29         30
                                                                                                            30
