          6          7          8          9         11         12         13         14         15         16
          0          1          7          8          9         10         12         13         14         15
          0          1          2          8          9         10         11         13         14         15
          0          1          2          3          9         10         11         12         14         15
          0          1          2          3          4         10         11         12         13         15
          0          1          2          3          4          5         11         12         13         14
          0          1          2          3          4          5          6         12         13         14
          0          1          2          3          4          5          6          7         13         14
          0          1          2          3          4          5          6          7          8         14
          0          1          2          3          4          5          6          7          8          9
