                                                                                                              
         21         22                                                                                        
                                                                                                              
                                                                                                              
                                                                                                              
         22                                                                                                   
         21                                                                                                   
                                                                                                              
                                                                                                              
         21                                                                                                   
