         16         17         18         19         11         12         13         14         15           
                    17         18         19         12         13         14         15         16           
                    12         18         19         13         14         15         16         17           
                    12         13         19         14         15         16         17         18           
         11         12         13         14         15         16         17         18         19           
         11         12         13         14         15         16         17         18         19           
         13         14         15         16          0          1         17         18         19           
         14         15         16         17          0          1          2         18         19           
         15         16         17         18          0          1          2          3         19           
         16         17         18         19          0          1          2          3          4           
