          2          3          4          5          6          7          8          9         10           
          2          3          4          5          6          7          8          9         10           
          3          4          5          6          7          8          9         10         11           
          4          5          6          7          8          9         10         11         12           
          5          6          7          8          9         10         11         12         13           
          7         14          9         11          8         10         13         12                      
          7         10         15         14         13         12         11                                 
          8         13         15         11          9         14          0         16                      
          9         10         14         13         11         16         17          1                      
          2         16         15          2         14         17         18          1         13           
