          1          4         13          6          5         15          2          7         14          9
          0          4          6          5          2          8         10          3         14         13
          2          5          9          8          6         14         16          7         15          3
          3          5          8          9          6         14         15         16         11         17
          4          6          7          9          5         13         17         10          8         11
          5          6          7         11         13          9         18         19          8         12
          6          9         10         15          0          8         11         17         18         13
          7         14          0         19         16          8         12          1         18         15
          9         19          0         14          1          8         15         17          2         16
          8         11         13         14         16          1          3          0         18          2
