         10         12         13         15         14         16         19         18         17          1
         10         16         14         15         19          0         17         12          2         18
         12         15         14         16         17          0          1         19         18          3
         13         16         15          0         19         18          1         17          2          4
         14         15         16         17          0         18         19          1          2          3
         15         16         17         18          0         19          3          2          1          4
         16         18          0         19         17          1          3          9         11          5
         17          1          2          4         18          5          6         11          3         19
         19          0          2          1          3          4          5          9         10         11
         18          3          6          7          4         11          8         10         12          5
