         11         15                    17                               19                                 
         10         18          0         19         15         17          3         14                      
         16         17         19         18          0         15         14          3          1           
         14         15         16         19          1          0         18         17          2           
          7         17         18         19          1          0          3          2                      
         16          2          3          1          0          4          8                                 
         18          0          1          4          5          3          2         19                      
         13         19          2          3          4          5          6          9                      
         15          1          3          5          6          2          7                                 
         18          4          6          7          5          8          1                                 
