         16         17         18         19                                                                  
         10         18         17         19                                                                  
         10         12         19         18                                                                  
         10         13         12         19                                                                  
         10         13         14         12                                                                  
         10         12         13         14         15                                                       
         13         14         15         16                                                                  
         13         15         16         17                                                                  
         16         17         18         19                                                                  
         15         16         17         18                                                                  
