          1          2          3          4          5          6          8          9         11          7
          0          2          3          4          5          6          9          8          7         11
          0          1          3          4          5          7          6          8          9         11
          0          1          2          4          5          6          8          9          7         11
          0          1          2          3          5          7          6          9          8         11
          0          1          2          3          4          6          7          9         11          8
          2          3          4          5          9          7         11         10         12          8
          3          4          5          9          6          8         11         10         12         14
          5          6          9          7         11         12         13         10         14         15
          4          5          6          8          7         11         12         13         14         10
