         13         17         18         19                                                                  
         17         18         19                                                                             
         16         19         18         17                                                                  
         16         19         18         17                                                                  
         16         19         18         17                                                                  
         13         19         18         17                                                                  
         15         19         18         17                                                                  
         15         19         18         16                                                                  
         14         16         17         19                                                                  
         15         18         16         17                                                                  
