          0          1          9          8         11          7         14         16         12         15
          6          7          9          8         10         13         12         16         15         14
          0          1          2          9          8         11         10         15         13         14
          0          1          2          3          8         11         10         14         15         12
          0          1          2          3          4         11         10         13         12         15
          0          1          2          3          4          5         10         12         16         14
          0          1          2          3          4          5          6         12         13         14
          0          1          2          3          4          5          6          7         13         14
          0          1          2          3          4          5          6          7          9         15
          0          1          2          3          4          5          6          7          8          9
