          3          8          5          4          9         10          6          7         14           
          6          7          8          5          9          4          3         12         10           
          3          7          8         11         10          4          0         19          5           
          4          5          7          8          9         11         12         10          6           
          3          9         10          8         13         12         11          2          7           
          6          8          9         12         11         14         13          4          3           
          7         11         15          9         13         12         14         17         10           
          8         10          9         12         16         11         14         15         13           
          7         13         16         17         15         14         12          3          9           
          6         11         13         16         12         15         14         18         17           
