         11         13         14         16         17         19         18         12         15           
         12         14         15         13         17          3          0         19         18           
         11         17         15         16          1          0         19          3         13           
         15         17          0          1         19         18         16          2          5           
         15         17          3          0          1         19          2         12         16           
         16         17          0          4          6          1          2          3         19           
         14         18         19          2          5          9          4          3          1           
         15          2          0          3          5          6          4         16         14           
         19          0          4          5          2          6          3          7          1           
         17          4          5          7          8          6          2          3         16           
