          0          8          5          1          4          3          2          7          6          9
          1          7          9          2          6          8          5         16         10          4
          2          4          6          7          5          8          9         14         18         10
          3          6          4          7          9         10          8         14         11         12
          4          5          7          6         10          9          8         11         18         13
          5          7          8         11          9         12         10         13         14         18
          6          8         12         11         10          7         13         15          0         17
          7          8          9         10         11         12         13         18          1         19
          8          9         11         10         14         17         12         13         16         15
          9         10         11         12         13          1         15         18         14          0
