         11         15         13         12         16          2          1         19         17         18
         11         13         19         14         16         15         17         18          2          0
         12         15         18         14         13         17          1         16          6          9
         13         14         16         15         18         17          0         19          1          2
         14         18         15         16         17         19          1          5          6          0
         15         18         16         17         19          0          1         10          2          7
         16         18         19          1          0          2          3          4          5          8
         17          5          0          1          3          6         19          4          2         18
         18          4          0          1          2         19          6         10          5         11
         19          2          4          0          1          3          5          8         10          7
